265
235
167
131
-118
-237
118
391
165
-30
88
60
-124
9
292
259
68
3
-48
-51
138
219
-40
-249
-119
56
52
-13
-50
-1
141
111
-159
-178
199
340
1
-240
-142
-78
-110
-45
-70
-295
-383
-231
-108
18
300
443
217
-3
66
131
-15
-131
-63
32
78
150
181
60
-54
59
201
8
-326
-267
80
90
-224
-239
71
115
-147
-183
64
136
-72
-200
-67
116
122
0
-45
20
13
-154
-340
-400
-341
-249
-196
-171
-109
-77
-174
-202
51
281
108
-189
-171
11
80
137
199
81
-50
88
265
191
87
129
80
-123
-202
-103
-25
-33
-84
-128
-46
129
164
59
44
92
53
53
139
59
-177
-250
-175
-158
-81
89
15
-268
-253
66
196
109
138
211
138
91
111
-99
-465
-464
-31
262
78
-249
-267
-3
153
26
-160
-198
-138
-44
64
36
-146
-126
222
407
129
-168
-116
-35
-211
-379
-297
-89
106
239
191
-10
-90
30
103
25
-58
-112
-178
-111
128
206
-49
-244
-58
190
133
-13
73
212
115
-107
-230
-247
-160
39
128
-30
-133
26
87
-180
-349
-146
-0
-216
-431
-338
-134
-5
126
246
217
47
-111
-150
-114
-149
-248
-209
-77
-145
-269
2
406
262
-188
-177
118
30
-219
-78
180
107
-79
-105
-111
-141
-93
-50
-13
198
425
308
-20
-124
30
163
123
-38
-135
-33
129
186
215
202
4
-106
200
465
138
-320
-257
49
127
67
-35
-198
-146
139
143
-154
-186
-4
-82
-226
-120
-97
-266
-193
34
-35
-162
7
140
66
144
279
76
-184
-129
-72
-194
-161
-39
-180
-346
-179
103
271
382
335
142
166
313
97
-218
-43
238
11
-295
-144
99
98
97
107
-100
-280
-153
1
-65
-141
-46
142
258
89
-318
-435
-26
333
196
-57
-33
87
98
62
-6
-82
-30
102
106
-2
-60
-54
-30
-9
-71
-174
-105
95
120
-28
-69
-14
-48
-51
125
265
198
122
168
115
-152
-356
-265
-72
-69
-141
35
376
419
67
-219
-124
122
214
154
76
52
108
171
117
13
37
128
88
-16
33
175
182
33
-131
-230
-229
-128
-15
67
139
57
-249
-368
4
302
-22
-362
13
511
294
-138
22
371
226
-91
-65
70
9
-44
59
144
127
99
98
137
168
35
-226
-286
-46
137
26
-140
-80
110
140
-56
-231
-164
50
170
133
23
-86
-109
-14
67
46
69
205
224
-27
-319
-321
2
349
374
100
-82
6
79
-57
-175
-72
124
234
217
98
-15
-32
-58
-171
-186
-22
54
-71
-95
90
156
-8
-79
48
70
-82
-87
93
94
-161
-315
-222
-112
-104
-107
-92
-7
201
272
-5
-199
70
279
-46
-331
-62
265
235
167
131
-118
-237
118
391
165
-30
88
60
-124
9
292
259
68
3
-48
-51
138
219
-40
-249
-119
56
52
-13
-50
-1
141
111
-159
-178
199
340
