58
116
247
290
195
58
-30
-62
-77
-56
13
-24
-270
-465
-322
-9
133
81
25
58
108
43
-94
-63
120
112
-73
-30
226
323
291
288
116
-168
-114
128
-0
-248
-42
269
142
-84
13
168
137
37
-86
-143
22
122
-157
-380
-115
200
169
84
59
-161
-384
-277
-54
65
189
166
-132
-235
43
92
-196
-137
243
212
-128
-142
9
-111
-244
-120
-1
10
96
139
-52
-268
-294
-197
-25
151
92
-158
-210
-59
-90
-259
-158
133
170
-13
-24
141
211
229
355
382
110
-131
-20
142
47
-10
190
282
69
-108
-103
-108
-74
61
0
-243
-181
143
187
48
131
102
-335
-512
-36
349
200
72
187
122
-83
-60
29
-5
78
183
-80
-374
-127
241
67
-300
-284
-127
-156
-146
-9
-16
-142
-144
-97
-155
-198
-152
-123
-83
52
186
233
213
60
-215
-285
-6
222
101
-65
11
95
-40
-161
-17
207
198
2
-68
86
238
208
67
-70
-129
-18
203
239
28
-92
21
57
-112
-180
-7
148
115
1
-97
-166
-145
10
195
221
38
-153
-164
-110
-114
-0
237
197
-97
-35
353
284
-221
-282
124
198
-6
169
493
350
24
54
190
54
-151
-166
-68
40
86
-27
-197
-224
-158
-105
6
122
43
-113
-41
171
192
13
-99
0
198
262
125
0
8
-53
-197
-95
190
165
-114
-74
251
303
125
170
279
50
-223
-55
300
297
-12
-199
-152
-95
-169
-227
-49
268
341
104
-46
45
19
-212
-224
58
150
-38
-53
119
20
-310
-393
-221
-147
-173
-132
-90
-66
24
19
-211
-363
-239
-124
-139
-69
-14
-199
-293
2
219
3
-204
-129
-109
-184
-79
-27
-240
-204
281
462
80
-84
189
194
-125
-128
91
-8
-218
-152
-127
-346
-373
-124
-38
-70
109
212
-79
-288
1
352
327
127
-39
-215
-278
-89
108
67
-103
-210
-178
2
135
-16
-237
-102
254
318
50
-125
-5
214
277
159
61
107
137
44
-1
65
66
45
191
313
150
-70
-88
-66
-80
55
222
135
-17
60
160
48
-44
75
181
77
-121
-199
-90
62
105
156
315
336
110
25
205
206
-29
-10
241
201
-107
-221
-79
115
274
248
-13
-190
-147
-176
-255
-9
382
375
50
-114
-59
-1
2
-71
-187
-168
-12
63
64
153
244
185
65
-4
-23
-17
-87
-259
-255
67
314
232
118
125
52
-26
67
90
-54
11
291
327
134
55
16
-70
11
93
-159
-308
115
484
173
-236
-144
25
-100
-145
58
148
32
-5
86
101
-3
-97
-141
-212
-272
-147
92
108
-68
-51
76
-98
-352
-220
-13
-166
-294
-86
-18
-243
-180
221
322
69
-39
18
-45
-118
-30
58
58
116
247
290
195
58
-30
-62
-77
-56
13
-24
-270
-465
-322
-9
133
81
25
58
108
43
-94
-63
120
112
-73
-30
226
323
291
288
116
-168
-114
128
